0.162
0.134
0.135
0.127
0.136
0.218
0.140
0.135
0.206
0.243
0.273
0.205
0.148
0.158
0.150
0.142
0.134
0.144
0.140
0.142
0.142
0.137
0.143
0.135
0.160
0.141
0.142
0.136
0.141
0.132
0.146
0.176
0.143
0.135
0.142
0.140
0.142
0.148
0.151
0.134
0.145
0.143
0.145
0.143
0.144
0.183
0.144
0.141
0.142
0.141
0.142
0.158
0.143
0.141
0.144
0.143
0.149
0.150
0.144
0.135
0.143
0.140
0.141
0.142
0.145
0.148
0.142
0.141
0.143
0.143
0.134
0.137
0.144
0.141
0.141
0.141
0.142
0.155
0.143
0.150
0.143
0.144
0.141
0.143
0.143
0.141
0.144
0.136
0.140
0.142
0.142
0.144
0.142
0.143
0.135
0.140
0.142
0.143
0.135
0.141
