0.011
0.009
0.011
0.016
0.008
0.006
0.013
0.010
0.008
0.011
0.012
0.014
0.012
0.010
0.010
0.011
0.012
0.009
0.011
0.018
0.013
0.014
0.013
0.014
0.010
0.012
0.009
0.011
0.012
0.010
0.011
0.017
0.013
0.013
0.010
0.012
0.009
0.010
0.012
0.015
0.009
0.010
0.012
0.012
0.013
0.010
0.010
0.013
0.011
0.010
0.012
0.014
0.015
0.024
0.016
0.014
0.012
0.010
0.012
0.011
0.014
0.011
0.010
0.011
0.012
0.013
0.009
0.012
0.012
0.012
0.013
0.016
0.013
0.029
0.017
0.021
0.034
0.022
0.050
0.040
0.019
0.012
0.012
0.015
0.015
0.015
0.014
0.017
0.010
0.009
0.011
0.012
0.008
0.009
0.011
0.012
0.017
0.014
0.008
0.019